Open,High,Low,Close,Volume,Dividends,Stock Splits,Moving_Average,RSI,EMA_12,EMA_26,MACD,Signal_Line
178.33787911929193,178.9135165784173,176.2437557474966,178.44705200195312,67823000,0.0,0.0,,,178.44705200195312,178.44705200195312,0.0,0.0
179.5090242423061,179.56857034442828,175.678068518058,176.8491973876953,60378500,0.0,0.0,,,178.20122821514423,178.32869240089698,-0.12746418575275698,-0.025492837150551395
178.1294918724129,179.38993995083098,176.2636482997338,176.630859375,54686900,0.0,0.0,,,177.95963300896818,178.20292699157127,-0.24329398260309176,-0.06905306624105947
176.22338084720406,177.51532893244283,175.45813862661385,176.69046020507812,51988100,0.24,0.0,,,177.76437565452358,178.09089241479398,-0.3265167602704082,-0.12054580504692923
176.86935281922499,178.57871676071744,176.21343092354076,178.3501434326172,43675600,0.0,0.0,177.39354248046874,,177.8544937742303,178.11009619389202,-0.25560241966172725,-0.14755712796988885
177.7737337283927,178.37001397078072,175.9550494184861,176.35256958007812,43622600,0.0,0.0,176.97464599609376,,177.6234285135915,177.97990903731323,-0.35648052372172856,-0.18934180712025678
176.03454634490478,177.43581469068437,175.40843772025733,175.47801208496094,46964900,0.0,0.0,176.70040893554688,,177.29336444764834,177.794583337139,-0.5012188894906444,-0.25171722359433435
176.04446908210178,176.41217594781634,172.40710087754795,172.92388916015625,66062900,0.0,0.0,175.95901489257812,,176.62113748034187,177.433791175881,-0.8126536955391259,-0.3639045179832927
171.23444515927903,174.01713210367805,170.89655146662832,173.41090393066406,61114200,0.0,0.0,175.3031036376953,,176.12725539577607,177.13579952808715,-1.0085441323110729,-0.4928324408488488
173.98730585882458,175.04074797752577,172.66552927979032,174.75253295898438,46311900,0.0,0.0,174.58358154296874,,175.91575963626966,176.95926126370915,-1.0435016274394968,-0.6029662781669785
175.96499481130297,176.5811556555548,175.1600065691228,176.13394165039062,42084200,0.0,0.0,174.53985595703125,,175.94932609998057,176.8981264775374,-0.9488003775568359,-0.67213309804495
177.41596644953157,180.4272265262981,177.2271390578494,179.9998779296875,52722800,0.0,0.0,175.44422912597656,,176.57248791993547,177.12788584436333,-0.5553979244278651,-0.6487860633215331
179.55266206734146,179.98001065949663,174.92147774645116,175.28919982910156,54945800,0.0,0.0,175.91729125976562,,176.3750589828841,176.99168688026987,-0.6166278973857686,-0.6423544301343802
176.28301269216934,178.04205535297126,174.73266281139772,177.50540161132812,51449600,0.0,0.0,176.73619079589844,47.94977834004869,176.54895784879855,177.02973982331122,-0.48078197451266647,-0.6100399390100375
178.97625019026674,179.4731579970015,177.4457808178697,179.0756378173828,43820700,0.0,0.0,177.60081176757814,51.28100676963645,176.9376778439654,177.18128782287206,-0.2436099789066759,-0.5367539469893652
178.58866011417203,183.75649819628302,178.389900027249,182.9813232421875,53003900,0.0,0.0,178.9702880859375,61.42234849453802,177.86746944369187,177.61092007615468,0.2565493675371897,-0.37809328408405424
183.79623993812856,186.68824666593932,183.5974798721571,186.48947143554688,60813900,0.0,0.0,180.26820678710936,66.3587814632852,179.19393128859267,178.26859054722078,0.9253407413718833,-0.11740647899286671
186.67830137193894,187.9503840089481,186.32052718250378,186.70811462402344,60794500,0.0,0.0,182.55198974609374,66.53541105740774,180.34995949404353,178.89374047883578,1.4562190152077505,0.19731861984725674
188.3181280749059,188.74546151435723,187.11560449736683,188.28831481933594,45732600,0.0,0.0,184.7085723876953,66.44737107924541,181.5712449287039,179.58963487442838,1.9816100542755066,0.5541769067329068
187.11559340947835,188.8050768374951,186.44973880050088,188.5268096923828,45280000,0.0,0.0,186.59880676269532,71.39362887081144,182.64133181542374,180.25164782390647,2.3896839915172734,0.9212783236897801
187.23484633917346,187.68207547486304,180.34771175415628,181.77880859375,81755800,0.0,0.0,186.35830383300782,59.177770418493836,182.50863593516624,180.3647708438949,2.1438650912713513,1.1657956772060944
174.0965977246818,177.10787273977496,172.46674085776903,176.46188354492188,112488800,0.0,0.0,184.3527862548828,54.769574579602896,181.5783663366671,180.075668081008,1.5026982556591122,1.233176192896698
177.24701069547294,179.12532149203676,176.6904612453168,177.0780487060547,65551300,0.0,0.0,182.42677307128906,54.92652744284671,180.88600977811134,179.85362220138182,1.0323875767295192,1.1930184696632624
178.95634803483554,179.1849213329412,176.2432210490149,178.250732421875,58953100,0.0,0.0,180.41925659179688,54.72099239313529,180.4805824925365,179.73488962512207,0.7456928674144478,1.1035533492134995
178.37996034233754,179.0160016942275,173.73884349638047,175.20968627929688,90370200,0.0,0.0,177.75583190917968,48.806150653806554,179.66967538280736,179.39968937728315,0.2699860055242027,0.9368398804756402
175.41837777577814,176.20350055461225,172.9040256402011,173.1326141357422,84267900,0.0,0.0,176.02659301757814,40.69985092583447,178.66397365248966,178.93546158161345,-0.2714879291237935,0.6951743185557534
172.9239230350663,175.01094196505196,172.50652228195383,174.65316772460938,60895800,0.0,0.0,175.66484985351562,49.05717308902423,178.04692658666193,178.61825462924278,-0.5713280425808591,0.44187384632843085
175.388537413527,175.40841796754944,172.74499997648198,173.92762756347656,109205100,0.0,0.0,175.034765625,44.45123887694342,177.41318827540263,178.27080077251935,-0.8576124971167189,0.1819765776394009
175.38856362269223,178.27063780985006,175.08048322919404,176.86935424804688,67257600,0.0,0.0,174.75848999023438,46.71790324975043,177.32952150196328,178.16698991885474,-0.8374684168914541,-0.02191242126677012
176.42212269452386,178.51907389780135,176.03453527611808,177.96253967285156,51826900,0.0,0.0,175.3090606689453,41.852197009219665,177.42690891286918,178.15184545618783,-0.7249365433186483,-0.16251724567714576
178.1513672500879,178.5886485115626,174.3152386804528,174.40469360351562,58436200,0.0,0.0,175.5634765625,30.412433346853575,176.96195271143017,177.8742786522862,-0.9123259408560216,-0.3124789847129209
173.47050026870355,175.20967741085585,172.78476514063325,172.8543243408203,63047900,0.0,0.0,175.20370788574218,28.474406051203076,176.3300098851825,177.50243018477022,-1.1724202995877135,-0.48446724768787947
173.58976187810813,175.98486101486026,172.97360108411723,173.70901489257812,56725400,0.0,0.0,175.1599853515625,26.82463135293726,175.9267798863203,177.22143645942265,-1.294656573102344,-0.6465051127707724
173.1226499165866,175.87552298392188,173.0729561107549,174.99102783203125,46172700,0.0,0.0,174.78432006835936,29.174322006482356,175.7828180318143,177.0562210055418,-1.2734029737275137,-0.7718846849621207
173.7388432559087,174.11648285641874,170.5983824508641,170.8965301513672,64588900,0.0,0.0,173.3711181640625,31.76825536575153,175.03108143482243,176.59994760893625,-1.568866174113822,-0.9312809827924611
171.5524350388733,171.9698357492923,168.00452141810098,169.3759765625,66921800,0.0,0.0,172.36537475585936,36.39833680710547,174.161065300619,176.06483864253357,-1.9037733419145866,-1.1257794546168862
168.29272705350883,170.96609339598558,166.5833630389383,169.63438415527344,56294400,0.0,0.0,171.72138671875,35.51262983834947,173.46465281671968,175.5885086805143,-2.123855863794631,-1.3253947364524352
170.956157001118,171.99966637275853,169.28653897360869,170.1511688232422,51814200,0.0,0.0,171.00981750488282,33.82305882983968,172.95488604849237,175.18574276516082,-2.2308567166684554,-1.5064871324956393
170.16109351938684,173.22204712222216,169.87287852825236,172.67544555664062,52164500,0.0,0.0,170.54670104980468,44.83177535194613,172.91189520359208,174.99979482378896,-2.087899620196879,-1.6227696300358874
171.19465244741932,172.55618999324432,169.76357086656446,171.3337860107422,49594600,0.0,0.0,170.6341522216797,46.21810566514221,172.66910917392286,174.72823861541514,-2.0591294414922743,-1.7100415923271648
170.03190052575047,173.13261538484517,169.91264751116213,172.5860137939453,53020300,0.0,0.0,171.27615966796876,45.60437742010215,172.65632526931094,174.56955529530626,-1.9132300259953183,-1.7506792790607957
172.7151938850701,174.3649313004983,171.61205804275627,173.82827758789062,48527900,0.0,0.0,172.11493835449218,49.793283606256544,172.83662562601552,174.5146458354977,-1.6780202094821846,-1.7361474651450737
172.72513710071527,176.88922647606876,172.10896117831024,176.39231872558594,57224100,0.0,0.0,173.36316833496093,48.99158834431857,173.38365533364174,174.65373271624497,-1.2700773826032332,-1.6429334486367055
175.71651571148107,177.94266788538698,174.7127675180559,177.88304138183594,42390800,0.0,0.0,174.4046875,49.83472532046157,174.07586857182548,174.89294076554802,-0.817072193722538,-1.477761197653872
176.99855858071479,178.60853494693302,176.84947714698436,177.28675842285156,43698000,0.0,0.0,175.59528198242188,56.833167519852395,174.5698516258295,175.07026059201496,-0.5004089661854607,-1.2822907513601898
177.09792315514355,178.7377278666485,176.50164294003199,178.6880340576172,47551100,0.0,0.0,176.81568603515626,63.92978523709033,175.20341815379686,175.3382438116892,-0.13482565789234968,-1.0527977326666218
178.95636590765267,181.21231619372998,177.93272198255502,179.5924072265625,56743100,0.0,0.0,177.96851196289063,64.01516473290877,175.87864724191465,175.65336702760575,0.22528021430889567,-0.7971821432715184
180.29802522104373,180.80486572035005,177.03831125012886,177.74392700195312,51427100,0.0,0.0,178.23883361816405,56.385504472337765,176.16561335884364,175.80822332200185,0.3573900368417924,-0.5662677072488562
175.65689773759766,177.97248977927228,175.41837654739012,177.61471557617188,52517000,0.0,0.0,178.18516845703124,69.0959954546046,176.38855216150952,175.94203756305149,0.4465145984580374,-0.3637112461074775
175.55748986737478,177.31654742675326,173.71894041818467,176.0543975830078,57549400,0.0,0.0,177.9386962890625,68.94015255045564,176.33714376481694,175.9503605274927,0.3867832373242379,-0.21361234942113444
174.49414635996683,176.48177757696462,174.02705181081853,174.75253295898438,54764400,0.0,0.0,177.15159606933594,63.70410318637364,176.09335748699655,175.86163255945505,0.23172492754150653,-0.12454489402860626
174.9512775869872,176.74014855708347,174.10654349306773,174.3748779296875,59302900,0.0,0.0,176.10809020996095,61.394087530367905,175.82897601664132,175.7515025868797,0.07747342976162486,-0.08414122927056003
174.2258012947257,174.3351216115833,171.57231560127875,171.8108367919922,64189300,0.0,0.0,174.92147216796874,47.67258170382973,175.21080075131067,175.459601416888,-0.2488006655773347,-0.11707311653191496
169.85302851446286,172.93384778812512,168.87907830418513,171.9300994873047,55980100,0.0,0.0,173.7845489501953,51.71828256163042,174.70607747992514,175.19815682951148,-0.4920793495863336,-0.1920743631427987
171.97979837385134,172.59595921387623,170.38968729481687,172.3673858642578,43816600,0.0,0.0,173.04714660644532,49.33897657629727,174.34627876982248,174.98847009134454,-0.6421913215220627,-0.2820977548186515
170.81702981156988,171.98972493811345,169.59462570782657,170.04185485839844,57157000,0.0,0.0,172.10501098632812,39.25553813020289,173.68405970652648,174.62205414816336,-0.9379944416368744,-0.41327709218229614
169.3163379944291,170.3201013316095,164.64540828457035,165.8578643798828,70625300,0.0,0.0,170.4016082763672,22.623979722935104,172.48002965627362,173.9728549060685,-1.4928252497948904,-0.629186723704815
165.8777610074826,167.91508596598229,165.79825394187426,167.17965698242188,58499100,0.0,0.0,169.47537231445312,21.938599572272437,171.66458770645028,173.46965505987245,-1.8050673534221744,-0.8643628496482869
167.97469692197112,170.11139414133623,167.82561550110003,169.23683166503906,51131000,0.0,0.0,168.93671875,30.396878125924303,171.2910867770024,173.1561125861811,-1.865025809178718,-1.064495441554373
168.30266621223763,169.8430681534906,166.86162156099337,169.71388244628906,44846000,0.0,0.0,168.40601806640626,27.116134072925817,171.04843995689265,172.90113257581874,-1.8526926189260848,-1.2221348770287155
169.94247040994804,173.15249060498644,169.0679078148722,172.89410400390625,56934900,0.0,0.0,168.97646789550782,34.6958056927224,171.33238827181782,172.90061194086223,-1.5682236690444142,-1.2913526354318552
174.43449230797134,176.6805097693587,174.3748658071836,176.47181701660156,77334800,0.0,0.0,171.09925842285156,47.30634846065516,172.12306961716916,173.16514565017624,-1.0420760330070777,-1.2414973149468997
173.16242643179135,175.72647236371952,172.27793120121478,175.55751037597656,79763700,0.0,0.0,172.7748291015625,45.784106053868726,172.65144511852415,173.34235785208736,-0.6909127335632093,-1.1313803986701618
175.28920139472822,178.3203268607263,175.12025456148152,178.12156677246094,63841300,0.0,0.0,174.55177612304686,54.06891878741571,173.49300229605288,173.69637332767059,-0.20337103161770642,-0.9457785252596708
178.07186894277902,181.31171744967662,177.8631761623555,180.695556640625,70530000,0.0,0.0,176.74811096191405,61.1400756930906,174.6010875798332,174.2148313508524,0.38625622898081247,-0.6793715744115741
181.22227266382137,182.31546067653568,180.466963136192,181.75892639160156,49340300,0.0,0.0,178.5210754394531,63.49434567114934,175.7022935508745,174.77365320572272,0.9286403451517629,-0.35776919049890676
181.82850773747478,182.98132230147056,180.6856107058037,181.2819061279297,53763500,0.0,0.0,179.48309326171875,68.73769830632092,176.56069548580606,175.25574601477507,1.3049494710309943,-0.025225458192926542
183.0731107374973,185.66044129220037,182.63525339583376,185.4912567138672,66133400,0.24,0.0,181.46984252929687,73.09236906051164,177.93462798243087,176.0139319924856,1.9206959899452727,0.3639588314347133
184.91409464160964,185.12306234297503,183.31194313207843,183.89906311035156,43627500,0.0,0.0,182.625341796875,68.89338663968016,178.85223338672637,176.59801577899418,2.254217607732187,0.742010586694208
186.78492632853875,187.1929311504176,185.3917576494399,186.5261993408203,60108400,0.0,0.0,183.79147033691407,76.74348368979165,180.03284353351006,177.3334367835739,2.6994067499361734,1.1334898193426013
186.93420587357204,188.5761557735661,186.86453984677962,187.09341430664062,53790500,0.0,0.0,184.85836791992188,89.0322193421508,181.11908519091477,178.05639808157883,3.06268710933594,1.519329277341269
188.64582412031268,190.02904704723116,187.73029590080972,188.78514099121094,54412900,0.0,0.0,186.35901489257813,89.17937147515237,182.29847839096036,178.8511197785886,3.447358612371744,1.9049351443473643
189.3224957374494,189.45186682219116,187.65069333955432,188.76522827148438,50922700,0.0,0.0,187.01380920410156,88.23809560801182,183.29336298796406,179.5854981854698,3.707864802494271,2.265521075976746
188.96425501994514,190.97441144582112,188.9543092379418,190.5166473388672,46505100,0.0,0.0,188.3373260498047,88.79718565096334,184.40463750348763,180.39521293757332,4.0094245659143155,2.61430177396426
190.47685219685218,190.586316538311,188.8149955106325,189.71060180664062,38134500,0.0,0.0,188.97420654296874,84.41003570621243,185.2209397039727,181.0852417426894,4.135697961283313,2.9185810114280706
190.55648023861536,191.98944739740554,189.8996941339189,190.37734985351562,39617700,0.0,0.0,189.63099365234376,82.30165408480897,186.01423357313317,181.77354604719505,4.240687525938114,3.1830023143300794
189.93947531002817,189.96932784078396,188.3273779116158,189.0438690185547,24048300,0.0,0.0,189.6827392578125,80.72950420693971,186.48033133396723,182.31208848951798,4.168242844449253,3.380050420353914
188.99410191914976,189.7404455259629,187.97907036225195,188.86473083496094,40552600,0.0,0.0,189.7026397705078,77.46383606828512,186.84716202642778,182.79746940399525,4.049692622432531,3.5139788607696376
188.85478346401288,190.1484487418159,188.4766311807352,189.4717559814453,38415400,0.0,0.0,189.49366149902343,74.94403219720789,187.2509457118151,183.29186100232488,3.959084709490213,3.6030000305137526
189.96933244559008,191.15353347560767,188.04874872654685,188.44679260253906,43014200,0.0,0.0,189.24089965820312,69.05008614559736,187.43492215654186,183.67370778752593,3.7612143690159314,3.6346428982141887
188.91449196138143,189.39216280718497,187.27254208408095,189.02395629882812,48794400,0.0,0.0,188.97022094726563,71.92778196986708,187.67938894766283,184.07002249206684,3.609366455595989,3.6295876096905486
189.4021261680105,190.626125557136,188.30748269194632,190.3076934814453,45679300,0.0,0.0,189.22298583984374,66.35139783342036,188.08374349132168,184.53207219498375,3.551671296337929,3.6140043470200247
189.05380666632493,189.12347269135768,186.53614211824694,188.50648498535156,43389500,0.0,0.0,189.15133666992188,65.42293131311894,188.14878064424934,184.8264731424184,3.3223075018309487,3.55566497798221
189.28269344214408,193.45225356737393,189.25282572872496,192.47703552246094,66628400,0.0,0.0,189.752392578125,68.27614841585532,188.81466601012806,185.393181466866,3.4214845432620677,3.5288288910381818
193.50202134703213,193.81050761672594,191.17343287476277,191.38241577148438,41089700,0.0,0.0,190.33951721191406,62.759007618618774,189.2097044349521,185.8368284523933,3.37287598255881,3.4976383093423076
192.68602720531442,194.0493433741143,192.64621370853777,193.32290649414062,47477700,0.0,0.0,191.19930725097657,63.302156439124545,189.84250475175034,186.39135275178197,3.451151999968374,3.488341047467521
193.25322651912307,195.0345083535154,192.72581160789824,194.75587463378906,53377300,0.0,0.0,192.0889434814453,66.21762180266205,190.59840781052554,187.01094696526397,3.5874608452615746,3.508165007026332
192.16855411471755,192.54670640437527,190.48679074363935,192.2382049560547,60943700,0.0,0.0,192.83528747558594,54.474877006722,190.85068429445312,187.39815126087808,3.452533033575037,3.4970386123360733
192.13871428631938,193.77071848752672,190.7853438376791,193.76077270507812,52696900,0.0,0.0,193.09203491210937,60.1496180777549,191.29839020378003,187.86945655304106,3.428933650738969,3.483417620016653
194.13891526178818,197.03473239733867,193.90009500114147,196.99493408203125,70404200,0.0,0.0,194.21453857421875,64.6928490216512,192.17478156966482,188.54541785148479,3.6293637181800307,3.5126068396493286
197.0546379594379,198.64682869695653,195.2037050285768,197.14419555664062,66831600,0.0,0.0,194.97879638671876,68.98318964130034,192.93930679843032,189.182364348163,3.7569424502673314,3.561473961772929
196.56702854007852,197.43278238044076,196.03961353567377,196.60684204101562,128256700,0.0,0.0,195.34898986816407,67.84411287446693,193.5035429895973,189.73232565874468,3.7712173308526076,3.603422635588865
195.13401948283078,195.6713953811102,193.44231035021684,194.93499755859375,55751900,0.0,0.0,195.8883483886719,62.00260810389506,193.7237667694429,190.11770876243722,3.606058007005686,3.6039497098722295
195.20370795195478,195.98984995762027,194.93501997192175,195.9799041748047,40714100,0.0,0.0,196.3321746826172,66.53557179336715,194.07086483180626,190.55194545964963,3.518919372156631,3.5869436423291097
195.94008865557052,196.71628487042167,193.88018798828125,193.88018798828125,52242800,0.0,0.0,195.7092254638672,59.991812100259075,194.0415299328024,190.79848194325197,3.2430479895504334,3.518164511773375
195.14397125694492,196.11918926884985,192.55664081053737,193.7308807373047,46482500,0.0,0.0,195.0265625,57.38818691017541,193.99373774887968,191.01569666873735,2.978041080142333,3.4101398254471667
194.22845757962483,194.45734722393942,192.02924020237552,192.6561737060547,37122800,0.0,0.0,194.2364288330078,59.24613568551293,193.78795866536814,191.1372134863164,2.6507451790517393,3.2582608961680815
192.66612369019674,192.94475743470915,191.88992751842636,192.10885620117188,28919300,0.0,0.0,193.67120056152345,49.03196765442421,193.52963520933795,191.20918702075014,2.320448188587818,3.070698354652029
191.55160311023462,192.55667382245832,190.15841909855277,192.2083740234375,48087700,0.0,0.0,192.91689453125,52.291554480829355,193.32636425766094,191.28320087280105,2.043163384859895,2.8651913606936024
193.1935437488545,193.71101293849657,192.22827139973785,192.6362762451172,34049900,0.0,0.0,192.6681121826172,47.92046190802322,193.22019687111575,191.38342867815777,1.836768192957976,2.659506727146477
192.95468569679736,193.45224807887718,190.79526678069877,191.59136962890625,42628800,0.0,0.0,192.2402099609375,40.18523163419355,192.96960806462198,191.39883171154656,1.5707763530754164,2.441760652332265
186.23761848029775,187.52133810124718,182.9935167810597,184.7349853515625,82488700,0.0,0.0,190.65597229003907,31.663555472358354,191.7027430318436,190.90521346265885,0.7975295691847464,2.1129144357027614
183.32189307602442,184.973803899141,182.53573597559208,183.35174560546875,58414500,0.0,0.0,188.90455017089843,24.387899612983446,190.41797419701672,190.34569732508922,0.07227687192749954,1.704786922947709
181.26198308479132,182.19740286158623,179.99818547387906,181.02316284179688,71983600,0.0,0.0,186.66750793457032,8.867333449650971,188.97261860390597,189.6551392152157,-0.6825206113097408,1.2273254160962193
181.10277101042314,181.8690061871609,179.29163655398915,180.2967071533203,62303300,0.0,0.0,184.19959411621093,7.864723459305992,187.63786299612357,188.9619220254457,-1.3240590293221146,0.7170485270125526
181.20228054123743,184.6951784875532,180.6151605231867,184.65536499023438,59144500,0.0,0.0,182.81239318847656,24.906032020237873,187.1790171490637,188.6429178006152,-1.463900651551512,0.28085869129973967
183.02335798455337,184.24735728099782,181.83915700040632,184.23741149902344,42841800,0.0,0.0,182.71287841796874,26.290343417454466,186.7264624336729,188.3165840004973,-1.5901215668243935,-0.093337360325087
183.45127673118873,185.49127057687537,183.02336513916433,185.2823028564453,46792900,0.0,0.0,183.09898986816407,26.29029356182302,186.50428403717635,188.09182243427125,-1.587538397094903,-0.3921775676790502
185.63057672110963,186.13810009590225,182.7248140769861,184.68521118164062,49128400,0.0,0.0,183.8313995361328,28.16637270233177,186.22442667478623,187.8394808600023,-1.6150541852160814,-0.6367528911864565
185.1529277118819,185.8296205077815,184.2871739488164,185.01361083984375,40444700,0.0,0.0,184.7747802734375,29.47526195945602,186.03814731556432,187.63015715480537,-1.592009839241058,-0.8278042807973769
181.27193705900044,183.361690026594,180.04792262326768,182.73477172851562,65603000,0.0,0.0,184.39066162109376,27.8936270473271,185.5299356867876,187.26753601211726,-1.7376003253296517,-1.009763489703832
180.3862988523529,182.03819468263436,179.42102646331548,181.78941345214844,47317400,0.0,0.0,183.90106201171875,27.40747619967088,184.95447072761237,186.86174915582328,-1.9072784282109012,-1.189266477405246
185.18277784532793,188.21791164443712,184.9240508532924,187.7104034423828,78005800,0.0,0.0,184.38668212890624,42.15278247337,185.37846037603862,186.92461243630916,-1.5461520602705434,-1.2606435939783056
188.4069897270921,191.01421197583775,187.89948151982946,190.62611389160156,68741000,0.0,0.0,185.57486267089843,46.773152139833826,186.18579168612524,187.19879772929377,-1.0130060431685308,-1.2111160838163506
191.36250312836654,194.37773007418247,191.3226896328841,192.9447479248047,60133900,0.0,0.0,187.1610900878906,52.08718181625646,187.22563110746054,187.624423669702,-0.39879256224145365,-1.0486513795013712
194.06926140547006,194.79569832767794,192.88506035011693,194.2284698486328,42355600,0.0,0.0,189.45982971191407,67.67971265298699,188.30299091379476,188.11361227554872,0.1893786382460405,-0.801045375951889
194.4672860626603,195.42261254918643,193.39254945946814,193.55177307128906,53631300,0.0,0.0,191.8123016357422,69.50890154975278,189.11049586110158,188.5164390011591,0.5940568599424694,-0.5220249287730173
194.2682881337411,195.31317233681816,192.1685739447696,193.22340393066406,54822100,0.0,0.0,192.91490173339844,75.2679099076892,189.74325094872657,188.86510307001134,0.8781478787152253,-0.24199036727536882
193.3229207532571,193.81052224173547,191.0042778879994,191.48193359375,44594000,0.0,0.0,193.08606567382813,72.23103401216127,190.01074058642246,189.05894236806608,0.9517982183563731,-0.0032326501490204385
191.07392183626405,191.2629979920715,188.65577567784422,190.7952880859375,47145600,0.0,0.0,192.6561737060547,64.2890117085906,190.13144020173246,189.1875605693899,0.943879632342572,0.18618980634929805
190.00913152540437,190.86493945980703,186.55604725857967,187.12326049804688,55859400,0.0,0.0,191.2351318359375,55.83262658940285,189.6686433242424,189.03464945299413,0.6339938712482649,0.27575061932909145
186.12815142243116,186.18787167030365,183.45127824224116,183.5010223388672,55467800,0.0,0.0,189.22498168945313,46.73951538213177,188.7197785572616,188.624751148244,0.09502740901760376,0.23960597726679395
183.09303209854838,186.03859323945602,182.9238626911125,185.94903564453125,64885400,0.0,0.0,187.77010803222657,52.166522974675324,188.29351041684154,188.42654999982085,-0.13303958297930762,0.16507686521757364
178.98316607734097,186.4167503347965,178.37613927772276,184.9439697265625,102518000,0.0,0.0,186.46251525878907,49.88332390857748,187.77819646449092,188.1685810906906,-0.3903846261996762,0.053984566934123665
187.23273981487074,188.3273832549743,184.9340037750539,186.76502990722656,69668800,0.0,0.0,185.65646362304688,56.857445656209414,187.62232468645027,188.06461433635994,-0.442289649909668,-0.045270276434634674
185.94902917871246,188.38708201253658,185.8594715869018,188.37713623046875,43490800,0.0,0.0,185.90723876953126,60.96026629608888,187.73844953937618,188.08776410629392,-0.3493145669177409,-0.10607913453125592
189.71060210551596,190.118606941087,187.69049986083044,188.48660278320312,53439000,0.0,0.0,186.90435485839845,51.6009902604249,187.85355003842648,188.1173077119909,-0.26375767356441315,-0.13761484233788737
188.46669218310572,188.6159548348253,186.4366441977198,187.40191650390625,40962000,0.0,0.0,187.19493103027344,42.80640713568352,187.78406795619262,188.0643157706513,-0.28024781445867575,-0.16614143676204507
187.96985257532495,189.30503301755343,187.3222021069975,188.1691436767578,45155200,0.24,0.0,187.8399658203125,38.55254052298388,187.8433103747411,188.07208080073326,-0.2287704259921668,-0.1786672346080694
187.7406910525987,187.9897897322466,186.1165627960856,186.4752655029297,41781900,0.0,0.0,187.78201293945312,31.773421279563124,187.63284193292395,187.95379818608114,-0.3209562531571919,-0.20712503831789392
185.10024282819998,185.53865891732192,182.84838113476025,184.37286376953125,56529500,0.0,0.0,186.9811584472656,29.777377653855893,187.13130683086354,187.68854378485523,-0.5572369539916906,-0.27714742145265325
184.6518638454696,184.8610982078661,181.78224238811126,183.48606872558594,54630500,0.0,0.0,185.98105163574218,29.062269918118744,186.57050096851316,187.37724933602047,-0.8067483675073106,-0.38306761066358475
182.88824837462906,183.82486181575325,180.69618309757163,183.19712829589844,65434500,0.0,0.0,185.1400939941406,30.998634442973824,186.05152055734166,187.06761074045588,-1.0160901831142155,-0.5096721251537109
182.75869330174024,184.18354546694673,181.0150027746939,181.65269470214844,49701400,0.0,0.0,183.83680419921876,29.825103691267714,185.37477811808117,186.6665058487294,-1.2917277306482333,-0.6660832462526154
181.134577279735,181.77226924950583,179.3510375405212,180.90541076660156,53665600,0.0,0.0,182.72283325195312,34.24552352541366,184.68718314093044,186.23975806486808,-1.552574923937641,-0.8433815817896206
181.28405435734408,182.23062628266825,180.00867035619171,181.66268920898438,41529700,0.0,0.0,182.18079833984376,44.55103242596356,184.2218763821695,185.9007159273952,-1.678839545225685,-1.0104731744768336
182.81850104532418,184.29317619439553,181.80218936609842,183.70529174804688,52292200,0.0,0.0,182.22464294433593,43.18558873851412,184.14240182307373,185.73809191411013,-1.5956900910364027,-1.1275165577887474
184.3429666556088,184.37285727847149,181.57299077597804,181.86195373535156,45119700,0.0,0.0,181.95760803222657,41.09321077970951,183.79156365573186,185.45097056753542,-1.6594069118035577,-1.2338946285917096
181.5829745492965,182.10108884357552,179.99869543060538,180.50686645507812,40867400,0.0,0.0,181.7284423828125,31.413816137104575,183.28622562486206,185.08474063327932,-1.7985150084172687,-1.3468187045568214
180.4470750372319,183.25690001064538,178.9126187804792,181.9715576171875,54318900,0.0,0.0,181.9416717529297,30.807957047451154,183.08396900829672,184.8541344839392,-1.7701654756424716,-1.4314880587739514
181.8519814326113,182.45978277503792,179.48057251285755,180.7659149169922,48953900,0.0,0.0,181.76231689453124,28.29351245934187,182.72734530194217,184.55130340490606,-1.8239581029638998,-1.509982067611941
180.6164570963822,181.91177314365308,178.88272498353265,180.09832763671875,136682600,0.0,0.0,181.04092407226562,28.9730235042735,182.32288104575395,184.22145334800328,-1.8985723022493346,-1.58770011453942
178.90267929522304,179.87914188711767,176.74050452556773,179.0122833251953,73488000,0.0,0.0,180.4709899902344,24.112693797613602,181.81355831951416,183.83558890186936,-2.0220305823551996,-1.674566208102576
175.51490641269265,176.26220237846417,173.16341449891394,174.4687042236328,81510100,0.0,0.0,179.26335754394532,20.76662099465905,180.68358076630165,183.14174559237037,-2.4581648260687246,-1.831285931695806
170.14436011546877,171.4197441647657,169.00847072144566,169.5066680908203,95132400,0.0,0.0,176.77037963867187,18.228297386509723,178.9640557393045,182.13173985151482,-3.16768411221031,-2.098565567798707
