Open,High,Low,Close,Volume,Dividends,Stock Splits,Capital Gains,Moving_Average,RSI,EMA_12,EMA_26,MACD,Signal_Line
32.88999938964844,33.04999923706055,32.59000015258789,32.81700134277344,5300,0.0,0.0,0.0,,,32.81700134277344,32.81700134277344,0.0,0.0
32.88999938964844,33.08000183105469,32.63999938964844,33.04999923706055,50000,0.0,0.0,0.0,,,32.852847172663765,32.83426044605397,0.01858672660979721,0.003717345321959442
33.119998931884766,33.38999938964844,33.119998931884766,33.38999938964844,12300,0.0,0.0,0.0,,,32.93548597527679,32.875426293727635,0.06005968154915564,0.014985812567398683
33.650001525878906,33.81999969482422,33.58000183105469,33.650001525878906,11600,0.0,0.0,0.0,,,33.04541144460019,32.93280223684995,0.11260920775023919,0.03451049160396679
33.650001525878906,33.86800003051758,33.619998931884766,33.86800003051758,8500,0.0,0.0,0.0,33.35500030517578,,33.17196353474132,33.002076147492,0.16988738724932517,0.061585870733038464
33.75,33.79499816894531,33.70000076293945,33.70000076293945,4800,0.0,0.0,0.0,33.53160018920899,,33.25320003138719,33.05377426715477,0.19942576423241576,0.08915384943291393
33.939998626708984,34.279998779296875,33.810001373291016,33.86000061035156,11900,0.0,0.0,0.0,33.693600463867185,,33.346553966612476,33.1134947370212,0.23305922959127656,0.11793492546458646
34.369998931884766,34.540000915527344,34.2400016784668,34.43000030517578,11600,0.0,0.0,0.0,33.90160064697265,,33.51323801869914,33.211013667995616,0.3022243507035256,0.1547928105123743
34.13999938964844,34.21200180053711,33.959999084472656,33.97999954223633,9700,0.0,0.0,0.0,33.96760025024414,,33.58504748385871,33.267975584606035,0.3170718992526744,0.18724862826043434
34.06999969482422,34.189998626708984,33.935001373291016,34.119998931884766,3300,0.0,0.0,0.0,34.01800003051758,,33.66734770663195,33.3310884251452,0.336259281486754,0.21705075890569825
34.38999938964844,34.47999954223633,34.38999938964844,34.47999954223633,1100,0.0,0.0,0.0,34.17399978637695,,33.792371065955706,33.416192952337134,0.3761781136185718,0.24887622984827298
34.47999954223633,34.47999954223633,34.185001373291016,34.185001373291016,4000,0.0,0.0,0.0,34.238999938964845,,33.852775728622674,33.47314172425964,0.37963400436303374,0.27502778475122514
34.84000015258789,35.07500076293945,34.69499969482422,35.04499816894531,7100,0.0,0.0,0.0,34.36199951171875,,34.03619456559539,33.5895755349771,0.44661903061828667,0.30934603392463744
35.31999969482422,35.34700012207031,35.119998931884766,35.119998931884766,4500,0.0,0.0,0.0,34.58999938964844,77.88811991230526,34.20293369887068,33.70294023104434,0.4999934678263429,0.34747552070497856
35.15999984741211,35.20000076293945,35.0,35.11000061035156,4600,0.0,0.0,0.0,34.7879997253418,77.69997013857912,34.342482454483125,33.807166925807834,0.5353155286752909,0.38504352229904104
34.709999084472656,34.709999084472656,34.349998474121094,34.599998474121094,10300,0.0,0.0,0.0,34.81199951171875,67.54982390700977,34.3821003036582,33.86589518864585,0.5162051150123474,0.4112758408417024
34.369998931884766,34.48400115966797,34.24800109863281,34.3650016784668,3100,0.0,0.0,0.0,34.847999572753906,61.308325539044745,34.37946974593644,33.9028660397437,0.4766037061927406,0.42434141391191005
34.15999984741211,34.18600082397461,34.0,34.02000045776367,8600,0.0,0.0,0.0,34.64300003051758,54.20836648926616,34.324166778525246,33.911542663300736,0.41262411522451004,0.42199795417443003
34.084999084472656,34.255001068115234,34.071998596191406,34.255001068115234,11800,0.0,0.0,0.0,34.470000457763675,54.384789599253146,34.31352590000063,33.93698402662033,0.37654187338029743,0.41290673801560357
34.13999938964844,34.13999938964844,33.81399917602539,33.90999984741211,2400,0.0,0.0,0.0,34.23000030517578,52.287573551411185,34.25144496883316,33.93498519853083,0.3164597703023304,0.39361734447294894
34.029998779296875,34.029998779296875,34.029998779296875,34.029998779296875,800,0.0,0.0,0.0,34.11600036621094,51.86811362611234,34.21737632428912,33.94202324155054,0.27535308273858305,0.3699644921260758
34.029998779296875,34.29999923706055,34.029998779296875,34.29999923706055,3300,0.0,0.0,0.0,34.10299987792969,48.470574296456995,34.23008754163857,33.968539981958685,0.2615475596798831,0.34828110563683723
34.22999954223633,34.22999954223633,34.012001037597656,34.08000183105469,4500,0.0,0.0,0.0,34.11500015258789,51.243811781362425,34.20699743231797,33.97679641522505,0.23020101709291652,0.32466508792805315
34.220001220703125,34.459999084472656,34.220001220703125,34.459999084472656,4500,0.0,0.0,0.0,34.155999755859376,53.99062083885914,34.24592076341869,34.01258920553969,0.23333155787899784,0.30639838191824215
34.459999084472656,34.630001068115234,34.43000030517578,34.529998779296875,71700,0.0,0.0,0.0,34.279999542236325,50.62971493472238,34.28962507355379,34.05091584063282,0.238709232920975,0.2928605521187887
34.68000030517578,34.689998626708984,34.349998474121094,34.41999816894531,7000,0.0,0.0,0.0,34.35799942016602,53.104323366051446,34.3096824728448,34.07825527235967,0.231427200485129,0.2805738817920568
34.45000076293945,34.45000076293945,34.220001220703125,34.29999923706055,9800,0.0,0.0,0.0,34.35799942016602,37.766825727518615,34.308192744262605,34.0946807512264,0.2135119930362066,0.2671615040408868
34.459999084472656,34.459999084472656,34.349998474121094,34.41999816894531,4700,0.0,0.0,0.0,34.42599868774414,38.67309940581934,34.32539357882917,34.118778337724095,0.20661524110507656,0.2550522514537248
34.459999084472656,34.69499969482422,34.45000076293945,34.689998626708984,3500,0.0,0.0,0.0,34.471998596191405,43.73130368340922,34.38148666311837,34.161090951722976,0.2203957113953976,0.24812094344205937
34.47999954223633,34.47999954223633,34.220001220703125,34.2599983215332,4100,0.0,0.0,0.0,34.417998504638675,44.801209506666396,34.36279614902835,34.16841742356077,0.19437872546757973,0.23737249984716347
34.11399841308594,34.15999984741211,34.040000915527344,34.040000915527344,43000,0.0,0.0,0.0,34.34199905395508,45.00765870871945,34.31313534387435,34.15890508963236,0.15423025424198755,0.2207440507261283
34.08399963378906,34.09000015258789,33.82400131225586,33.90999984741211,13800,0.0,0.0,0.0,34.26399917602539,48.19077543931858,34.251114498264776,34.14046766428271,0.11064683398206654,0.19872460737731595
34.38800048828125,34.38800048828125,34.08000183105469,34.150001525878906,2600,0.0,0.0,0.0,34.20999984741211,48.27586638888437,34.23555865635926,34.1411738762528,0.09438478010645923,0.17785664192314463
34.25400161743164,34.31999969482422,34.08000183105469,34.08000183105469,9500,0.0,0.0,0.0,34.08800048828125,53.06863580839428,34.21162683708163,34.136642613645535,0.0749842234360969,0.15728215822573507
34.13999938964844,34.334999084472656,34.130001068115234,34.279998779296875,17900,0.0,0.0,0.0,34.092000579833986,54.38597900169721,34.22214559742244,34.14726158887897,0.07488400854347077,0.14080252828928222
34.099998474121094,34.290000915527344,34.099998474121094,34.22999954223633,3200,0.0,0.0,0.0,34.130000305175784,48.669202072418614,34.22335389662457,34.1533903261647,0.06996357045987622,0.12663473672340103
33.810001373291016,34.04999923706055,33.810001373291016,33.946998596191406,3200,0.0,0.0,0.0,34.13740005493164,47.530568650559815,34.18083769655793,34.13810204987038,0.04273564668754659,0.10985491871623014
33.880001068115234,33.880001068115234,33.560001373291016,33.7400016784668,2900,0.0,0.0,0.0,34.05540008544922,35.71429652695045,34.113016770697755,34.10861313347012,0.004403637227632373,0.0887646624185106
33.939998626708984,33.939998626708984,33.790000915527344,33.814998626708984,22700,0.0,0.0,0.0,34.00239944458008,35.84152552231342,34.067167825468715,34.08686391074708,-0.019696085278361863,0.0670725128791361
33.97999954223633,33.994998931884766,33.75,33.803001403808594,3500,0.0,0.0,0.0,33.90699996948242,37.28883090754771,34.026526837521004,34.06583705838126,-0.03931022086025848,0.045795966131257186
34.07500076293945,34.25,34.07500076293945,34.209999084472656,6600,0.0,0.0,0.0,33.90299987792969,48.34191902509646,34.05475333705203,34.076515726980624,-0.021762389928596804,0.03228429491928639
33.279998779296875,33.369998931884766,33.11000061035156,33.369998931884766,11000,0.0,0.0,0.0,33.78759994506836,34.71165820002021,33.949406505487836,34.02418114956612,-0.07477464407828194,0.010872507119772723
33.939998626708984,34.090999603271484,33.88999938964844,34.066001892089844,15000,0.0,0.0,0.0,33.85279998779297,41.91711805730561,33.967344257272764,34.02727898234565,-0.05993472507288544,-0.0032889393187589093
33.619998931884766,33.68000030517578,33.32500076293945,33.5260009765625,15700,0.0,0.0,0.0,33.79500045776367,40.75567713933482,33.89944529100965,33.99014727821356,-0.09070198720391431,-0.02077154889578999
33.65999984741211,33.755001068115234,33.54999923706055,33.54999923706055,12500,0.0,0.0,0.0,33.74440002441406,43.50817574335737,33.84568435963286,33.95754371960963,-0.11185935997676921,-0.03898911111198584
33.189998626708984,33.470001220703125,32.73500061035156,32.959999084472656,14900,0.0,0.0,0.0,33.49440002441406,38.78125802426312,33.70942508653129,33.8836515244143,-0.17422643788300718,-0.0660365764661901
32.650001525878906,32.709999084472656,32.33000183105469,32.5099983215332,11200,0.0,0.0,0.0,33.32239990234375,31.548072259681618,33.5248978919162,33.78189943531199,-0.25700154339579484,-0.10422956985211106
33.04999923706055,33.09299850463867,32.86000061035156,32.880001068115234,15900,0.0,0.0,0.0,33.08519973754883,37.352415429608506,33.425682995946815,33.715092148852975,-0.28940915290615976,-0.1412654864629208
32.91999816894531,32.970001220703125,32.775001525878906,32.900001525878906,2500,0.0,0.0,0.0,32.95999984741211,34.88169745842612,33.344808923628676,33.65471506566971,-0.3099061420410365,-0.17499361757854395
32.810001373291016,33.0,32.810001373291016,32.97999954223633,4700,0.0,0.0,0.0,32.84599990844727,36.39528086304937,33.288684403414464,33.60473613800798,-0.31605173459351477,-0.20320524098153814
32.52000045776367,32.790000915527344,32.470001220703125,32.70000076293945,9200,0.0,0.0,0.0,32.794000244140626,36.41908066549176,33.198117689495234,33.53771870281772,-0.33960101332248627,-0.23048439544972776
32.65999984741211,32.70000076293945,32.400001525878906,32.70000076293945,3900,0.0,0.0,0.0,32.832000732421875,38.13866231363739,33.121484316178964,33.475665522086,-0.3541812059070324,-0.2552237575411887
32.61000061035156,32.6510009765625,32.494998931884766,32.606998443603516,2600,0.0,0.0,0.0,32.777400207519534,36.27896335915172,33.04233264347505,33.41131981256878,-0.3689871690937281,-0.2779764398516966
32.529998779296875,32.819000244140625,32.529998779296875,32.68000030517578,5900,0.0,0.0,0.0,32.73339996337891,37.41877858028121,32.986589206813626,33.35714799720633,-0.3705587903927068,-0.2964929099598987
33.119998931884766,33.130001068115234,32.959999084472656,33.06999969482422,58100,0.0,0.0,0.0,32.751399993896484,37.17951357964948,32.999421589584486,33.33587775258544,-0.33645616300095327,-0.3044855605681096
32.85499954223633,32.862998962402344,32.79999923706055,32.79999923706055,1000,0.0,0.0,0.0,32.771399688720706,42.64707619145099,32.96874122765773,33.296183047731745,-0.32744182007401434,-0.30907681246929053
32.939998626708984,33.18299865722656,32.91299819946289,33.099998474121094,5200,0.0,0.0,0.0,32.85139923095703,36.12065393494413,32.98893465019056,33.28165085709392,-0.2927162069033642,-0.3058046913561053
33.5890007019043,33.849998474121094,33.4900016784668,33.849998474121094,2200,0.0,0.0,0.0,33.099999237060544,54.390207089336215,33.121406007718335,33.32375068057742,-0.20234467285908408,-0.28511268765670106
33.88999938964844,34.09000015258789,33.70500183105469,34.09000015258789,102000,0.0,0.0,0.0,33.38199920654297,56.91244374648416,33.27042049154442,33.380509900726345,-0.11008940918192422,-0.2501080319617457
34.040000915527344,34.33000183105469,34.0,34.13999938964844,19700,0.0,0.0,0.0,33.59599914550781,67.52820219905755,33.404201860483504,33.43676838138724,-0.03256652090373535,-0.20659972975014365
34.470001220703125,34.72999954223633,34.34700012207031,34.650001525878906,37200,0.0,0.0,0.0,33.965999603271484,81.23174632866684,33.59586334746741,33.526637503201435,0.06922584426597211,-0.1514346149469205
34.90999984741211,35.09000015258789,34.90999984741211,35.040000915527344,20300,0.0,0.0,0.0,34.354000091552734,81.34065571556508,33.81803835793817,33.638738496707056,0.1792998612311152,-0.08528771971131338
34.98500061035156,35.0099983215332,34.439998626708984,34.987998962402344,19000,0.0,0.0,0.0,34.581600189208984,80.01717598696116,33.9980322970865,33.73868371638819,0.25934858069831535,-0.016360459629387633
35.04999923706055,35.15999984741211,34.880001068115234,34.880001068115234,6383,0.0,0.0,0.0,34.739600372314456,77.09639443007013,34.13371980032169,33.82322574244204,0.31049405787965156,0.049010443872420206
