Open,High,Low,Close,Volume,Dividends,Stock Splits,Moving_Average,RSI,EMA_12,EMA_26,MACD,Signal_Line
126.63371997705447,128.07794294695196,125.12973076357228,127.22137451171875,830800,0.0,0.0,,,127.22137451171875,127.22137451171875,0.0,0.0
129.0241638395854,133.08791906576513,129.0241638395854,129.85086059570312,1125900,0.0,0.0,,,127.62591083233174,127.41615125868056,0.20975957365118347,0.0419519147302367
129.08392953624713,130.4185899121189,128.41658415028377,130.11978149414062,1387200,0.0,0.0,,,128.0095832418408,127.61642016501094,0.3931630768298646,0.1121941471501623
129.9006555361377,130.99628132931804,129.0042454857373,130.88671875,447400,0.0,0.0,,,128.45221947386528,127.85866450463976,0.5935549692255222,0.2084663115652343
131.4046424565251,132.58990626321435,129.84090215886312,130.01022338867188,1078500,0.0,0.0,129.61779174804687,,128.69191238383553,128.0180392367903,0.6738731470452421,0.3015476786612359
128.82495095799553,129.0640007242081,126.16558500074171,126.55403137207031,1140400,0.0,0.0,129.48432312011718,,128.36300761279472,127.909594209774,0.4534134030207184,0.3319208235331324
127.91858737433277,129.75127208680368,127.60982421894654,129.51222229003906,724100,0.0,0.0,129.41659545898438,,128.5398098708323,128.02830740090474,0.5115024699275637,0.3678371528120187
129.61181563451342,130.1496586193742,128.6855110742184,129.9703826904297,447500,0.0,0.0,129.3867156982422,,128.7598979969242,128.17216482975843,0.5877331671657657,0.4118163556827681
129.68153777105059,130.87675630573668,129.27316675230745,130.5679931640625,365300,0.0,0.0,129.32297058105468,,129.03806648417626,128.34963359526245,0.6884328889138089,0.4671396623289763
130.21939427458202,130.4086249216745,128.89468855676648,129.83094787597656,401200,0.0,0.0,129.28711547851563,,129.16004823676093,128.45936057901906,0.7006876577418666,0.5138492614115544
129.7512563686883,130.41858653936637,129.3229607677892,130.099853515625,371800,0.0,0.0,129.99627990722655,,129.30463366427847,128.5808785743232,0.7237550899552616,0.5558304271202958
130.17953980516813,131.00623650698162,129.60184758469507,129.8907012939453,539900,0.0,0.0,130.0719757080078,,129.39479791499645,128.6779024794804,0.7168954355160508,0.5880434287994469
129.46240234375,130.81698729522324,128.14766661915874,129.46240234375,655600,0.0,0.0,129.9703796386719,,129.40519859634315,128.7360135805374,0.6691850158057662,0.6042717462007108
128.19746979677168,129.41259764501,125.9464596300703,127.05204010009766,752300,0.0,0.0,129.2671890258789,49.47299587656968,129.0431742123054,128.61127480420853,0.4318994080968537,0.5697972785799393
127.1914850752292,128.26718625031606,125.94646267786393,126.0261459350586,743700,0.0,0.0,128.5062286376953,46.50347262365544,128.57901601580588,128.41978377686408,0.15923223894179728,0.4876842706523109
125.74727989222684,128.9644139659025,125.62775498955527,127.85883331298828,560600,0.0,0.0,128.05802459716796,43.887556834702146,128.46821867691085,128.37823189065105,0.08998678625980006,0.40814477377380876
127.85880225458043,129.38270829814837,127.27115539030798,129.3528289794922,572900,0.0,0.0,127.95045013427735,47.81119957916226,128.60431256961567,128.45042426760224,0.15388830201342785,0.3572934794217326
127.3707667905482,128.43650564355534,127.1914832639202,128.0580291748047,684300,0.0,0.0,127.66957550048828,42.16333553154433,128.52026897041398,128.42135796443205,0.09891100598193248,0.30561698473377263
128.16757352255084,130.0301372930881,128.1476641075271,128.67555236816406,546800,0.0,0.0,127.99427795410156,46.24856751712118,128.544158723914,128.44018717952332,0.10397154439067435,0.265287896665153
128.68551714607696,129.781142979191,127.97835290672622,128.3269500732422,426400,0.0,0.0,128.45443878173828,56.038046082259605,128.51074200842604,128.4317992457247,0.07894276270133105,0.22801886987238862
129.03413248245286,129.03413248245286,126.39468331291214,127.39070129394531,538800,0.0,0.0,128.36081237792968,41.6206928555673,128.33842805235207,128.35468087892622,-0.01625282657414573,0.17916453058308177
125.05006015488439,126.51420019910768,123.90463796058877,126.43452453613281,826800,0.0,0.0,127.77715148925782,36.5631345843621,128.04551981908756,128.21244707575633,-0.16692725666877095,0.10994617313271121
124.72136736064826,127.65961723692821,124.72136736064826,127.22137451171875,662800,0.0,0.0,127.60982055664063,37.46260056546458,127.9187282333385,128.13903429323503,-0.2203060598965294,0.0438957265268631
127.96837556908284,129.15363930206846,126.88271970533334,129.05404663085938,590900,0.0,0.0,127.68551940917969,47.3103027844164,128.09339260218786,128.2068129849109,-0.11342038272303512,0.012432504676883456
129.33292404154406,130.56797645014257,128.28710225830807,130.0600128173828,583600,0.0,0.0,128.03213195800782,49.8687657445923,128.39594955837168,128.34408704657548,0.051862511796201716,0.020318506100747112
130.71740236274223,132.0918968110016,130.57796045645426,130.59786987304688,720700,0.0,0.0,128.67356567382814,52.28002180398453,128.73470652986018,128.5110339226104,0.22367260724976745,0.06098932633055118
131.55406390021517,132.3210020426929,130.49828721469027,130.6576385498047,696900,0.0,0.0,129.5181884765625,53.94743472932221,129.03054222523625,128.67004167277295,0.36050055246329293,0.12089157155709954
131.88272689805459,131.88272689805459,129.94049513410627,130.23928833007812,478600,0.0,0.0,130.12177124023438,62.12121827587907,129.21650316444268,128.78628216590667,0.43022099853601503,0.18275745695288265
132.3807539391996,132.89867234844877,130.43852190944432,130.6177978515625,797400,0.0,0.0,130.434521484375,68.36659645593478,129.4320869624611,128.92194999447378,0.5101369679873358,0.24823335915977326
130.38870763427695,130.8070333307523,129.39268972894695,129.9205780029297,819300,0.0,0.0,130.40663452148436,59.070955233479665,129.5072394302255,128.9959224395446,0.5113169906809105,0.3008500854640007
129.77117388854643,130.79708637401677,128.99428109219255,130.64767456054688,883600,0.0,0.0,130.41659545898438,56.10912174760665,129.68269098873648,129.11827444850772,0.5644165402287626,0.3535633764169531
130.44846399729647,131.95244553677261,130.1496555913138,130.17953491210938,564400,0.0,0.0,130.32097473144532,60.85615545224415,129.75912851540923,129.19688633470045,0.562242180708779,0.39529913727531835
129.6018649154548,130.56800364809288,127.83892389439845,127.85883331298828,925500,0.0,0.0,129.84488372802736,46.44105054653075,129.46677540734447,129.0977712960551,0.36900411128937094,0.39004013207812893
128.19748603163643,129.771181128852,126.26520104228352,129.69151306152344,795800,0.0,0.0,129.65962677001954,55.26523407647625,129.5013504310643,129.14175216757127,0.3595982634930408,0.38395175836111134
129.4126057478131,131.20544110849278,127.63969500170425,130.36878967285156,566000,0.0,0.0,129.7492691040039,61.725436432648976,129.6348026221085,129.23264383462907,0.40215878747943634,0.38759316418477635
129.18352086484538,129.6217711802457,127.49029344463924,128.38670349121094,617000,0.0,0.0,129.2970748901367,57.111672909072105,129.44278737120118,129.16998158696848,0.27280578423270185,0.3646356881943615
128.45644686084222,129.1337318278539,127.2711829705428,128.97438049316406,803200,0.0,0.0,129.05604400634766,56.48013401922296,129.37072477458008,129.15549261705704,0.21523215752304736,0.3347549820600987
128.9146066448727,130.21940303372583,127.7293579526023,128.97438049316406,605300,0.0,0.0,129.2791534423828,49.659352188471345,129.3097487312853,129.14207690417606,0.16767182710924544,0.301338351069928
129.56202826549776,131.0660100322686,129.05406453717814,130.47836303710938,500000,0.0,0.0,129.4365234375,51.71576726093029,129.48953554756594,129.24106106217113,0.24847448539480865,0.29076557793490415
129.7811427640656,130.18951377373375,128.39667841253163,129.96041870117188,652900,0.0,0.0,129.35484924316407,47.38136340101822,129.56197910965915,129.29434681320822,0.2676322964509268,0.28613892163810867
130.50821663085028,132.27117246676502,130.2592121703323,132.2313232421875,647200,0.0,0.0,130.12377319335937,55.470805537166235,129.97264743774042,129.51190062276223,0.4607468149781937,0.3210605003061257
128.45642868723434,128.45642868723434,124.95044145358024,126.0062255859375,893000,0.0,0.0,129.53014221191407,39.516577017927986,129.36242869130922,129.25222099040485,0.11020770090436827,0.27888994042577425
126.55403970370887,129.3926969720108,125.28910023669773,128.55604553222656,1138500,0.0,0.0,129.44647521972655,45.3897706196014,129.23836974375803,129.2006524379472,0.03771730581081556,0.23065541350278254
129.8010781160309,134.40267659207925,128.38671912661954,133.79510498046875,1369200,0.0,0.0,130.10982360839844,57.201062912630164,129.9394059340212,129.54098225591179,0.3984236781094239,0.26420906642411085
133.09788859698094,133.4464857739565,131.75325823399817,132.3010711669922,709900,0.0,0.0,130.5779541015625,52.98777064668441,130.30273904678597,129.74543328636219,0.5573057604237874,0.3228284052240462
132.37077637322759,132.8488759206017,131.52417025438737,131.7532501220703,745500,0.0,0.0,130.48233947753906,52.835616453421494,130.52589459682972,129.89416045937762,0.6317341374520993,0.3846095516696568
131.01619787683927,133.29708755279128,130.75723867436758,133.01820373535156,698300,0.0,0.0,131.88473510742188,59.664154244845804,130.90932677198694,130.12557107241273,0.7837556995742148,0.4644387812505684
134.14369855996924,136.21541784867512,134.02418126189946,135.00027465820312,856700,0.0,0.0,133.1735809326172,59.88864034925661,131.53870336986637,130.48666022691572,1.0520431429506516,0.5819596535905851
136.9823405769726,150.0600604678964,136.2950857942591,149.57200622558594,2250700,0.0,0.0,136.32896118164064,73.56964242371576,134.3130576553617,131.90038956015056,2.4126680952111315,0.9481013419146944
150.21943175061756,151.45448425915976,148.8648467556154,150.50827026367188,1570500,0.0,0.0,139.97040100097655,77.86697975136984,136.80462882587096,133.27875109374472,3.525877732126247,1.4636566199570051
151.19619295314376,151.44544484737128,148.77347184355418,151.01673889160156,1140600,0.15,0.0,143.8230987548828,77.82272261174981,138.99110729752184,134.5926761158082,4.398431181713647,2.050611532308334
150.31885184227994,152.33279639799179,149.59102528402906,151.78445434570312,533300,0.0,0.0,147.57634887695312,78.2443643756365,140.95931453570358,135.86614116987448,5.093173365829102,2.6591238990124877
151.5052894835832,153.3696889245219,149.95992458044006,153.13040161132812,1329700,0.0,0.0,151.20237426757814,78.15888448234394,142.83178947041506,137.14497527664884,5.686814193766224,3.264661957963235
154.0576179108252,157.83627000385846,153.25004419259966,157.37765502929688,918000,0.0,0.0,152.7635040283203,81.19058513766576,145.06961494101228,138.6436922953635,6.425922645648768,3.8969140955003416
156.7196306783974,157.84625416048036,155.60298700894612,157.04864501953125,732700,0.0,0.0,154.0715789794922,79.53792754251725,146.9125426453998,140.00702212678334,6.90552051861647,4.4986353801235675
156.4304716415869,158.32479503129238,156.3507244286408,157.35769653320312,749800,0.0,0.0,155.3397705078125,93.43127009170526,148.51948939736957,141.29225726799964,7.2272321293699235,5.044354729972839
158.09550143628928,159.33178111608265,156.85920654336735,156.86917114257812,966400,0.0,0.0,156.3567138671875,91.59791329924248,149.80405581970933,142.44610274019064,7.357953079518694,5.5070743998820095
157.05861550572592,158.035678753117,155.29390768736675,156.18124389648438,756100,0.0,0.0,156.96688232421874,87.96735284557559,150.78516167767472,143.4635206036198,7.321641074054924,5.8699877347165925
156.5102399968312,158.16527617101536,155.5531212739465,156.2310791015625,540100,0.0,0.0,156.73756713867186,92.6764104810861,151.62299512750363,144.40926567754147,7.213729449962159,6.1387360777657065
153.63888131740703,155.2639934035527,152.39262178437528,153.7086639404297,704000,0.0,0.0,156.06957092285157,86.57873757125745,151.94386725256916,145.09810999331097,6.845757259258193,6.280140314064204
154.1174390976771,156.48034227925513,153.48931943143324,156.04165649414062,502100,0.0,0.0,155.80636291503907,87.03996009440266,152.57429636665708,145.90874306744652,6.665553299210558,6.357222911093475
156.51025155680173,157.87616233789055,156.10148999554903,156.55014038085938,789600,0.0,0.0,155.7425567626953,86.39488845159914,153.18596467653435,146.69699472029194,6.488969956242414,6.383572320123263
156.6199147637335,156.7794396253138,154.01772441007597,155.6627960205078,457500,0.0,0.0,155.6388671875,69.12788212540755,153.56701565253027,147.36112814993754,6.205887502592731,6.348035356617157
153.269981508722,155.59301115476435,152.60198820995726,153.140380859375,936300,0.0,0.0,155.0207275390625,57.51714364403973,153.50137953050637,147.78922094322922,5.712158587277145,6.220860002749154
154.33678982225118,156.6299104979077,153.3696911686618,155.65283203125,494100,0.0,0.0,155.40956115722656,61.88049240750546,153.83237222292846,148.371710653453,5.460661569475462,6.068820316094416
155.11445678495394,157.05861871964373,155.11445678495394,156.63987731933594,394600,0.0,0.0,155.52920532226562,62.3042354209475,154.26429608391422,148.9841674435184,5.280128640395816,5.911081980954696
156.26099993923796,158.20516175457095,156.26099993923796,157.82630920410156,487500,0.0,0.0,155.78443908691406,61.99699520589545,154.81229810240458,149.6391409072653,5.173157195139282,5.763497023791614
159.2221224021509,159.4614097204978,157.60697483941607,158.96290588378906,374400,0.0,0.0,156.4444610595703,54.81531058431138,155.45085314569448,150.3297901647856,5.121062980908874,5.6350102152150665
157.99579397229394,159.4314873357032,157.7565066740162,158.6737518310547,376700,0.0,0.0,157.55113525390624,54.94835733102881,155.94668371267298,150.94786139932404,4.9988223133489385,5.507772634841841
159.2121453538004,159.64085131754834,157.32780160689794,157.37765502929688,755900,0.0,0.0,157.89609985351564,50.05732658270455,156.16683314599973,151.42414240895167,4.742690737048065,5.354756255283087
158.5242119772486,160.02968801049477,157.71663823712552,158.84326171875,616200,0.0,0.0,158.33677673339844,55.368812797439716,156.5785913879613,151.97370680227007,4.604884585691224,5.204781921364715
160.0197246701155,160.57804650900712,158.84326296861227,160.35870361328125,384600,0.0,0.0,158.84325561523437,60.871830469113604,157.1601471149336,152.5948176771598,4.565329437773812,5.076891424646535
160.8771479547844,161.01672841113577,158.96289517633892,159.14234924316406,431700,0.0,0.0,158.87914428710937,57.14287853591076,157.46510128850753,153.07982001538232,4.3852812731252016,4.938569394342268
159.19221616018513,159.50128611022402,157.08852932412842,157.6368865966797,399200,0.0,0.0,158.67177124023436,60.144219402632196,157.49152979745708,153.41738050288583,4.074149294571242,4.765685374388063
156.24107092732072,156.580049867194,154.41654515593845,155.00477600097656,349300,0.0,0.0,158.19719543457032,47.36310276343943,157.10895229030623,153.53496535459627,3.573986935709968,4.527345686652445
154.40656800167483,157.24804585472629,154.40656800167483,157.00875854492188,381700,0.0,0.0,157.83029479980468,51.08387089329194,157.09353786793943,153.79228336869446,3.301254499244976,4.282127449170951
158.85322159649968,159.1523269169844,154.5660859045614,155.3337860107422,309700,0.0,0.0,156.82531127929687,49.250345935346594,156.82280681298602,153.90646874958688,2.916338063399138,4.008969572016589
155.4235080528304,157.46737659520446,154.65580797129786,156.69967651367188,327000,0.0,0.0,156.33677673339844,58.56110386864914,156.80386369001462,154.11337302840798,2.6904906616066455,3.745273789934601
156.81930541992188,157.65680329492244,156.16129202166573,156.81930541992188,727400,0.0,0.0,156.1732604980469,53.17066494127016,156.8062393407696,154.3138124648164,2.4924268759531856,3.494704407138318
156.78940692655493,157.35770855080665,154.25701436111527,156.89907836914062,606000,0.0,0.0,156.5521209716797,50.74110365853126,156.8205222682113,154.5053136429145,2.3152086252968047,3.2588052507700156
155.15431138995123,156.52022209006188,154.70566103123917,155.4235076904297,393600,0.0,0.0,156.23507080078124,43.24168891254152,156.60559694855257,154.5733280168045,2.032268931748064,3.0134979869656258
154.57605666490065,156.79939463905703,153.83828075317754,156.51025390625,374400,0.0,0.0,156.47036437988282,43.08207581194807,156.59092878819834,154.71680400861527,1.8741247795830702,2.785623345489115
154.58602818950962,155.72261622121312,152.08352942944623,152.29290771484375,564200,0.0,0.0,155.5890106201172,35.26703077338267,155.929694776913,154.53725613500256,1.392438641910445,2.506986404773381
154.56609804217558,155.2540357693736,150.50828473140044,151.545166015625,513700,0.0,0.0,154.5341827392578,36.183276413994925,155.25515189056102,154.3156198298635,0.9395320606975304,2.1934955359582107
150.2988874279398,150.6179371446819,148.42450837489957,149.3018798828125,492500,0.0,0.0,153.01474304199218,28.2004030093222,154.33926388936894,153.9442316856375,0.3950322037314322,1.8338028695128552
149.25205003548925,149.79044271424218,147.61695801176256,148.39462280273438,679600,0.0,0.0,151.6089660644531,21.883785442987133,153.4247037221944,153.5331495461632,-0.10844582396879332,1.4453531308165255
149.0626015358537,149.37168667240908,147.08853073777502,147.35772705078125,428000,0.0,0.0,149.77846069335936,22.069939700171645,152.49132269582316,153.07571084280158,-0.5843881469784264,1.039404875257535
146.91904989951323,148.83330278782677,144.75554509532873,145.9320068359375,493800,0.0,0.0,148.50628051757812,22.153677492894047,151.48219717891766,152.54654758303386,-1.0643504041161975,0.6186538193827886
147.38764754268922,148.18525673138632,145.46341480446512,146.14138793945312,541600,0.0,0.0,147.42552490234374,26.166246371828393,150.66053421900006,152.072091313139,-1.4115570941389421,0.21261163667844252
146.03170778445116,149.7505419592422,146.03170778445116,149.36170959472656,655400,0.0,0.0,147.43749084472657,30.699536240769675,150.4607150460349,151.8713222969603,-1.410607250925409,-0.11203214084232782
151.64485242252368,155.5431403291774,150.46837561835093,151.3756561279297,719000,0.0,0.0,148.03369750976563,40.178096777173806,150.60147521248024,151.8346062844395,-1.2331310719592636,-0.336251927065715
149.89011266004746,151.83427435605986,149.3018818518154,150.80735778808594,360100,0.0,0.0,148.72362365722657,34.7758756772143,150.6331494548811,151.75851380322814,-1.1253643483470341,-0.4940744113219788
150.9070611076242,152.1234115173865,150.6677738224959,150.8671875,375500,0.0,0.0,149.71065979003907,34.57370239368265,150.66915530797633,151.69248963261865,-1.0233343246423203,-0.5999263939860472
151.2859370763327,153.35971468764146,150.76748887022336,151.75453186035156,449000,0.0,0.0,150.83328857421876,37.20242049173545,150.83613631603404,151.69708535319145,-0.8609490371574111,-0.65213092262032
150.5381860144934,150.7674935074081,148.20517662180887,148.34475708007812,510200,0.0,0.0,150.62989807128906,33.9366750853351,150.45284720281006,151.44876474036823,-0.9959175375581708,-0.7208882456078902
147.9958005314673,150.8970961016649,147.08852002590677,148.5640869140625,464200,0.0,0.0,150.0675842285156,31.229355390775154,150.1622686968489,151.23508490138263,-1.0728162045337228,-0.7912738373930568
149.90009802227675,151.24604914790797,148.7036767375442,151.22610473632812,474500,0.0,0.0,150.15133361816407,47.28011042329969,150.3259357798457,151.23441970397118,-0.908483924125477,-0.8147158547395409
152.68175170067204,153.5292142927987,149.9698896616221,150.04965209960938,383700,0.0,0.0,149.98782653808593,46.26865103416349,150.28343059827088,151.14665914068513,-0.8632285424142481,-0.8244183922744824
151.1862348911644,151.82431915945142,149.82033931993956,150.90707397460938,454600,0.0,0.0,149.8183349609375,54.30254853137975,150.3793757330922,151.12891209134617,-0.7495363582539767,-0.8094419854703813
150.55811115338625,151.49530072497643,149.93000671467703,149.94993591308594,540400,0.0,0.0,150.13937072753907,54.15773015809564,150.31330806847583,151.04158052258614,-0.7282724541103107,-0.7932080791983672
148.7834394378519,149.2320898138678,146.97885812141624,147.37767028808594,949400,0.0,0.0,149.90208740234374,50.04926873437029,149.86167148687738,150.77017976447502,-0.9085082775976332,-0.8162681188782205
141.57508858204295,152.04366907578557,139.26202349445663,151.81436157226562,1476100,0.0,0.0,150.01973876953124,62.65010900910007,150.16208534616788,150.84752656505208,-0.6854412188841934,-0.7901027388794152
152.41254587404072,152.8911204721343,149.5810479610654,151.7445526123047,594400,0.0,0.0,150.3587188720703,62.122477599385704,150.40554184865047,150.91397293892265,-0.5084310902721825,-0.7337684091579686
152.68175082606996,153.05063878815977,148.64386680322917,148.783447265625,485900,0.0,0.0,149.93399353027343,48.73473465051539,150.1559888358773,150.7561562223821,-0.6001673865047792,-0.7070482046273308
149.55115005249866,150.28894120281768,148.85324772821295,150.01974487304688,389200,0.0,0.0,149.9479553222656,46.92868306757719,150.1350282262111,150.70160723354243,-0.5665790073313417,-0.6789543651681329
151.39560336593283,151.39560336593283,148.1752580086835,148.7635040283203,712500,0.0,0.0,150.2251220703125,45.51032639008066,149.92402450345867,150.5580440331556,-0.6340195296969284,-0.669967398073892
149.07259158343487,149.4016059412258,148.12543733634996,148.7236328125,481400,0.0,0.0,149.6069763183594,45.28718387766002,149.7393488586958,150.42216172051442,-0.6828128618186327,-0.6725364908228402
148.87320025068453,149.23210842575656,148.11546464607335,148.60400390625,382200,0.0,0.0,148.97886657714844,42.83125163618132,149.56468040447336,150.28748336390223,-0.7228029594288614,-0.6825897845440445
148.255025304168,150.89710454044456,148.255025304168,150.21913146972656,407100,0.0,0.0,149.26600341796876,54.64427736739468,149.6653651837431,150.28242026062995,-0.6170550768868566,-0.669482843012607
149.96988629186865,150.00977511653076,148.09550707410745,149.85025024414062,280300,0.0,0.0,149.2321044921875,53.163378814331544,149.69380903918886,150.25040766681593,-0.5565986276270678,-0.6469059999354991
149.25204151413837,151.54516214180472,148.81335571594298,149.5611114501953,411900,0.0,0.0,149.3916259765625,45.36370349660808,149.67339402549754,150.199348687807,-0.5259546623094593,-0.6227157324102912
150.01974825082593,150.079566278093,146.30091382879846,146.38067626953125,376200,0.0,0.0,148.92303466796875,40.809202952063366,149.1668220630412,149.916484064231,-0.7496620011898187,-0.6481049861661967
147.1583278184569,148.48433453866224,146.90907591850228,147.62692260742188,421300,0.0,0.0,148.7276184082031,41.940215239534965,148.9299144544844,149.7468869192822,-0.8169724647978001,-0.6818784818925174
147.32781029985844,148.40458028218683,146.75950869260402,147.48731994628906,402700,0.0,0.0,148.18125610351564,43.69573267625308,148.70797683783894,149.57951158794936,-0.8715347501104134,-0.7198097355360966
146.19990219567086,147.08813906400027,143.20584328284298,144.3834991455078,452500,0.15,0.0,147.08790588378906,42.53803879097261,148.0426725774803,149.19462177739814,-1.1519491999178513,-0.8062376284124475
142.28766796085773,145.68092865917384,142.28766796085773,145.49130249023438,449800,0.0,0.0,146.27394409179686,31.10715979137032,147.65015410251937,148.92030183020083,-1.2701477276814614,-0.8990196482662504
146.18990313614566,147.2278520225294,145.44138845461842,147.17794799804688,597300,0.0,0.0,146.4333984375,37.55750884927422,147.5775070095236,148.79123858337462,-1.213731573851021,-0.9619620333832046
147.7068917263264,148.20590149567212,141.85849662045206,144.08407592773438,586100,0.0,0.0,145.7248291015625,37.28773542071521,147.04005607386372,148.442559868142,-1.4025037942782888,-1.0500703855622215
141.92838356169509,145.52124522618382,141.92838356169509,143.55514526367188,504300,0.0,0.0,144.93839416503906,31.816745981060677,146.50391594921882,148.08052915669978,-1.5766132074809605,-1.1553789499459695
144.51323944222366,144.7427796835499,142.47727095394194,144.70286560058594,424300,0.0,0.0,145.00226745605468,38.50831525419044,146.22683128019838,147.83033185624691,-1.603500576048532,-1.2450032751664821
144.73281335818842,145.83062583188283,144.3136469342064,145.39149475097656,402900,0.0,0.0,144.98230590820313,40.90399028981439,146.0983179680104,147.64967725585652,-1.551359287846111,-1.306274477702408
144.76274075011503,145.53122007810904,144.0242007907443,144.86253356933594,296800,0.0,0.0,144.51922302246095,40.00985972303142,145.90819729129126,147.44322216796613,-1.5350248766748678,-1.3520245574968999
143.64495012635004,146.47933729318797,143.64495012635004,145.77073669433594,606600,0.0,0.0,144.85655517578124,37.656302132466635,145.8870495071443,147.31933435510464,-1.4322848479603465,-1.3680766155895894
145.08209526040872,146.1000794524279,143.65493463182003,145.59109497070312,595500,0.0,0.0,145.2637451171875,38.055976804132534,145.8415180399995,147.19131662292673,-1.3497985829272352,-1.3644210090571185
146.9983058887648,150.15205160202572,146.69891218000112,149.44346618652344,465900,0.0,0.0,146.211865234375,49.72503644782754,146.3956639086955,147.3581425165265,-0.9624786078310024,-1.2840325288118952
149.02429260607101,149.76281735696853,148.1959345182891,148.35560607910156,623800,0.0,0.0,146.8046875,55.116316761077265,146.69719347337335,147.43202870634687,-0.7348352329735235,-1.1741930696442209
146.70887757933752,147.2178620804908,145.29169160974106,147.17794799804688,807100,0.0,0.0,147.26777038574218,48.832723723985815,146.7711557079385,147.41320791313947,-0.6420522052009687,-1.0677648967555706
147.1280510648227,150.0722059083511,146.90848552937317,149.67300415039062,686500,0.0,0.0,148.04822387695313,55.062460372493256,147.21759392985422,147.58060022700994,-0.36300629715572086,-0.9268131768356007
149.71292370688113,151.1001704250694,149.07419173365568,150.32171630859375,391300,0.0,0.0,148.99434814453124,65.51901799194314,147.69515121889108,147.78364586268282,-0.08849464379173355,-0.7591494702268273
149.69297171429227,150.80077412700555,149.42350214672115,149.71292114257812,407500,0.0,0.0,149.0482391357422,61.328304136476206,148.0055773609968,147.92655514267506,0.0790222183217395,-0.5915151325171141
148.60511620962075,149.7528479165834,147.4573997312291,148.16600036621094,779700,0.0,0.0,149.01031799316405,52.67137466903304,148.03025782333742,147.94429182589994,0.08596599743748357,-0.4560189065261946
148.52528671045087,150.611144055107,147.78674671159138,149.972412109375,365000,0.0,0.0,149.5692108154297,67.11141500030152,148.32905079042013,148.0945229580092,0.2345278324109188,-0.31790955873877197
150.23189725368866,150.8107504802652,149.1540342002604,149.6829833984375,370800,0.0,0.0,149.57120666503906,68.05877824424323,148.5373481147305,148.21218669433725,0.32516142039324336,-0.18929536291236887
149.23385679420338,149.72289183862378,148.00629705529124,148.565185546875,366700,0.0,0.0,149.21990051269532,61.40239128534966,148.54163079659887,148.2383347574882,0.30329603911067693,-0.09077708250775973
148.71489571657258,148.79473911232472,147.76678013844324,148.6949462890625,379000,0.0,0.0,149.01630554199218,60.08528669428811,148.56521779543942,148.27215783390108,0.2930599615383471,-0.01400967369853836
148.87458663774237,151.659069938269,148.87458663774237,151.619140625,641800,0.0,0.0,149.70693359375,67.99572460263596,149.0350520769103,148.52008248509358,0.5149695918167083,0.09178617940451098
152.3676484595926,152.78681485853835,147.21786373785272,148.5552215576172,530100,0.0,0.0,149.42349548339843,56.652366773308295,148.96123199701904,148.5226853793546,0.4385466176644286,0.1611382670564945
148.83466026846938,149.6729930350709,147.99631227329803,148.3755645751953,441000,0.0,0.0,149.16201171875,56.65232546864075,148.87112931673846,148.51178754200947,0.3593417747289891,0.20077896859099342
148.4953363209629,150.02232038853018,147.79672561497964,149.14405822753906,333500,0.0,0.0,149.2777862548828,49.16107152996063,148.91311837993854,148.55862240760428,0.3544959723342629,0.23152236933964734
149.12409390556323,149.17399793365368,147.35759486544632,148.57518005371094,291900,0.0,0.0,149.2538330078125,50.633666121804815,148.8611278682112,148.55984889990847,0.30127896830273926,0.24547368913226575
149.4135134345237,150.11212407335833,147.63702462638742,148.3755645751953,313200,0.0,0.0,148.60511779785156,53.66296451516252,148.78642582313185,148.546198209189,0.24022761394286363,0.24442447409438534
148.28575881446096,150.87062600760777,148.27578410042221,148.33566284179688,490800,0.0,0.0,148.5612060546875,45.18681806299686,148.71707767215725,148.53060299678958,0.1864746753676627,0.23283451434904082
148.9045202721524,152.04829112813704,147.9963187874077,152.00836181640625,391400,0.0,0.0,149.2877655029297,54.98521609398199,149.22342907896478,148.7882147612056,0.43521431775917563,0.27331047503106776
153.18603157260523,153.57525860158364,150.89058348156095,152.40757751464844,460100,0.0,0.0,149.94046936035156,58.064504344220445,149.71329806906996,149.05631570590506,0.6569823631649001,0.35004485265783425
153.09621079849092,156.34976465860422,152.70698373757466,154.6132049560547,382400,0.0,0.0,151.1480743408203,68.56314890446299,150.46712989783686,149.46793713184206,0.9991927659947919,0.4798744353252258
156.3297849765682,157.18808241668464,154.79284153795368,156.85873413085938,363100,0.0,0.0,152.84470825195314,69.3384753824399,151.45045362599416,150.0154035762137,1.4350500497804433,0.6709095582162693
157.20805354512856,161.91870733202092,156.88867995957685,161.89874267578125,410100,0.0,0.0,155.55732421875,77.07957872632906,153.0578827105768,150.89565091692242,2.162231793654371,0.9691740053038896
160.30190490007575,161.88876765383816,156.81882620713466,156.83877563476562,400200,0.0,0.0,156.52340698242188,65.61203958681008,153.6395585450674,151.3358823775034,2.3036761675639923,1.2360744377559103
156.170098055887,158.69508634980303,152.2079591445419,152.63711547851562,416400,0.0,0.0,156.5693145751953,56.44790790029321,153.48533653482866,151.4322700146154,2.053066520213264,1.399472854247381
153.13612144979598,154.42355996251428,151.69897086815809,154.30380249023438,444500,0.0,0.0,156.50743408203124,54.579480703098724,153.61125437412184,151.6449761239205,1.9662782502013556,1.512833933438176
152.37761584725538,154.39361957927346,151.49936900869443,153.66506958007812,286300,0.0,0.0,155.868701171875,59.50256662003524,153.61953363657665,151.79461267622844,1.8249209603482086,1.5752513388201825
154.49343937562278,155.68108515348993,153.70499535214108,154.76290893554688,240800,0.0,0.0,154.44153442382813,61.48602335943155,153.79543752872593,152.014486473215,1.7809510555109398,1.6163912821583342
153.48543317202274,154.34373066841724,149.9724150166802,150.0123291015625,417700,0.0,0.0,153.0762451171875,51.365766620311454,153.21342084762387,151.86617851975925,1.3472423278646204,1.5625614912995915
149.4933471785442,151.2598461108531,147.65699479402883,149.96241760253906,663500,0.0,0.0,152.5413055419922,52.218304119993476,152.71326650222622,151.72515919255775,0.9881073096684645,1.4476706549733662
151.00036323865595,151.24986812991992,148.32566288545001,149.55323791503906,476200,0.0,0.0,151.59119262695313,51.870656625197775,152.2271082580436,151.56427613496376,0.6628321230798235,1.2907029485946577
150.34167449082025,151.27981536734092,149.1240893398344,150.4414825439453,582900,0.0,0.0,150.94647521972655,53.25717285128361,151.95239660972078,151.48110623933277,0.4712903703880045,1.1268204329533271
150.44147734070307,152.77683950877773,150.19197244509073,151.10015869140625,410800,0.0,0.0,150.21392517089845,48.45079235516002,151.82128308382622,151.45288790244933,0.3683951813768829,0.9751353826380382
149.19396464863576,149.87261070859913,145.05217391713634,147.03823852539062,810700,0.0,0.0,149.61910705566407,41.85836232040318,151.08543007483613,151.12587683748202,-0.040446762645899526,0.7720189535812507
146.06018725765594,146.59911118796757,139.37344317309893,140.88046264648438,1106900,0.0,0.0,147.80271606445314,31.40540877815927,149.51543508585894,150.3669572677785,-0.8515221819195631,0.447310726481088
136.389363398024,137.23767092838992,134.22366267428407,136.29954528808594,1272800,0.0,0.0,145.1519775390625,23.818022052162362,147.48222127081695,149.32492675076423,-1.8427054799472842,-0.01069251480458644
130.50104839716494,134.50311707627895,130.50104839716494,133.6747589111328,1091200,0.0,0.0,141.7986328125,11.700983560937004,145.357996292404,148.1656550589397,-2.8076587665356953,-0.5700857651508082
135.9003356909182,137.22770367021138,130.99008077611086,131.75856018066406,1080500,0.0,0.0,137.93031311035156,12.792431252368402,143.26577535213633,146.95031469758595,-3.684539345449622,-1.192976481210571
131.82840682201763,133.7545925909794,128.6547117673099,130.10183715820312,1645400,0.0,0.0,134.54303283691405,13.83729141588907,141.24055409153124,145.70227932429833,-4.461725232767094,-1.8467262315218758
130.59087319453334,134.13383065795884,130.03196941607806,133.08592224121094,781000,0.0,0.0,132.98412475585937,17.332552122120788,139.98599534532812,144.76773435518075,-4.781739009852629,-2.433728787188026
133.43520965315759,135.29152660949484,132.44718005335477,134.8723602294922,569900,0.0,0.0,132.6986877441406,22.054017748753708,139.19928225058413,144.0347436792038,-4.835461428619681,-2.9140753154743573
135.17177102836547,135.31149315698738,133.09588852557582,133.33541870117188,507100,0.0,0.0,132.63081970214844,18.546690605972643,138.2971493968284,143.2422010882385,-4.9450516914101,-3.320270590661506
134.11387894612275,136.20971097249625,133.30548550533794,135.19174194335938,712100,0.0,0.0,133.3174560546875,26.224766649336104,137.819394403987,142.64587078121042,-4.826476377223429,-3.621511747973891
135.1817548341551,138.7147528261248,135.1817548341551,138.51513671875,759100,0.0,0.0,135.00011596679687,33.381609231048685,137.9264316831813,142.33989048028744,-4.413458797106131,-3.779901157800339
140.8006001571719,143.15592690792369,140.53113061425947,142.07806396484375,791600,0.0,0.0,136.79854431152344,40.05838020105939,138.56514434189862,142.3204959235879,-3.755351581689297,-3.774991242578131
141.92836781819224,143.53517991316141,140.73073216763964,142.8166046142578,480300,0.0,0.0,138.38739318847655,39.81873956312005,139.2192151530308,142.3572447154894,-3.1380295624585983,-3.647598906554225
143.13596818349,146.5591833059267,143.12599346984658,146.37953186035156,649800,0.0,0.0,140.9962158203125,44.15038585735511,140.32080233877247,142.6551919114051,-2.334389572632631,-3.3849570397699065
146.32963046580676,146.32963046580676,142.69683969155184,142.76670837402344,534800,0.0,0.0,142.5112091064453,44.6473129965938,140.69709557496492,142.66345239011756,-1.9663568151526363,-3.101236994846453
144.20385030854942,145.7407937154771,143.66491122337555,144.99227905273438,485300,0.0,0.0,143.8066375732422,55.71584201510412,141.35789303308331,142.8359580688299,-1.4780650357465959,-2.7766026030264817
145.1220407762699,147.03823667439744,144.493283524429,144.8226318359375,404200,0.0,0.0,144.35555114746094,63.5041324551856,141.89092977198396,142.98311908861564,-1.092189316631675,-2.4397199457475205
145.4114554682976,149.00433218876123,145.4114554682976,148.46539306640625,492200,0.0,0.0,145.4853088378906,72.70222099393166,142.90238566343353,143.38921345734087,-0.486827793907338,-2.049141515379484
149.31371521439118,150.31173482942526,146.13003020586115,146.78872680664062,583100,0.0,0.0,145.56714782714843,73.2407745155267,143.50028430085,143.64102926099272,-0.14074496014271176,-1.6674622043321297
146.558945505393,148.76682730690723,144.97047794243252,148.36720275878906,464500,0.15,0.0,146.68724670410157,78.31179231694551,144.2490409866868,143.99111618675542,0.2579247999313736,-1.282384803479429
147.70783739032487,148.63693580938283,146.23924968449023,146.65884399414062,700700,0.0,0.0,147.02055969238282,71.90467208064527,144.61977991091047,144.18872565396916,0.4310542569413087,-0.9396969913952815
148.41714918533933,150.78486542562405,147.24827603213103,148.9766082763672,623700,0.0,0.0,147.85135498046876,72.37837272496616,145.2900611979038,144.54338362599864,0.7466775719051668,-0.6024220787351919
149.90572868048588,152.20352025948483,148.72685533371558,151.77392578125,542300,0.0,0.0,148.5130615234375,78.13020871161966,146.28757882611092,145.07897934120246,1.2085994849084614,-0.24021776600646128
150.9646945642844,151.76392834015166,148.42714371333096,148.98660278320312,484300,0.0,0.0,148.95263671875,70.46442098133969,146.70281328104818,145.3684329294988,1.3343803515493846,0.0747018575047079
147.41811403098387,148.91667173432532,147.1483693760296,147.4580841064453,461100,0.0,0.0,148.77081298828125,64.01293210834395,146.81900879264774,145.5232219055689,1.2957868870788332,0.318918863419533
148.72684943774323,148.72684943774323,146.17931358100859,147.1383819580078,449300,0.0,0.0,148.8667205810547,58.82621903346018,146.86814312578005,145.64286339093474,1.2252797348453157,0.5001910377046895
148.7867864046929,149.2463507909605,144.31109849635874,144.36105346679688,616800,0.0,0.0,147.94360961914063,52.514964257228684,146.48243702439802,145.54791450766527,0.9345225167327555,0.5870573335103028
145.20024091530615,146.9685431945009,144.50091706718626,145.65980529785156,801500,0.0,0.0,146.72078552246094,48.73470285582459,146.35587829723704,145.55620271434574,0.7996755828912967,0.6295809833865016
145.22022428883173,145.84962336698896,140.38488202965218,143.0423126220703,863400,0.0,0.0,145.53192749023438,50.502090421864914,145.84609896259602,145.36998863343646,0.4761103291595532,0.598886852541112
142.86249585381822,145.11033232704264,141.00428375952137,145.09034729003906,388900,0.0,0.0,145.05838012695312,50.179821996648094,145.72982947451032,145.34927445985147,0.380555014658853,0.5552204849646603
145.88957772441205,146.33914195987813,144.1712304404879,145.15028381347656,468900,0.0,0.0,144.66076049804687,50.60322329627975,145.64066860358207,145.33453441197184,0.3061341916102265,0.5054032262937735
146.2891958446863,146.4590457994092,144.69074343915926,145.5399169921875,513000,0.0,0.0,144.896533203125,43.88111508701963,145.6251683556752,145.34974793643227,0.27542041924294836,0.4594066648836085
146.44904100325888,147.92762886762065,144.32109949580354,144.71072387695312,354200,0.0,0.0,144.70671691894532,45.493932307073315,145.48448458971797,145.3024128209153,0.18207176880267184,0.40393968566742117
146.16931822503068,148.2573049990031,145.29015948057176,148.23733520507812,428200,0.0,0.0,145.74572143554687,49.740326862912966,145.90800006900415,145.5198144790014,0.38818559000273467,0.4007888665344839
147.89765157743537,150.33530793580672,147.47805724029044,148.12744140625,351700,0.0,0.0,146.35314025878907,53.1370230386028,146.24945258242658,145.71297202916796,0.5364805532586274,0.42792720387931266
151.37431812147744,154.29150871860307,150.08554991693535,153.93185424804688,480200,0.0,0.0,148.1094543457031,59.212497907842966,147.43136053098357,146.3217781194553,1.1095824115282653,0.5642582454091032
152.99275622262925,155.18065299016496,151.79391306406828,154.74107360839844,789800,0.0,0.0,149.9496856689453,55.95668046975848,148.5559317736628,146.94542963715477,1.6105021365080177,0.7735070236288861
154.7910139018228,154.7910139018228,150.90475509123021,151.44422912597656,543700,0.0,0.0,151.29638671875,54.834882792448525,149.0002852124803,147.27867404373418,1.721611168746108,0.9631278526523306
154.03173733798616,156.00984439895717,152.3833300312936,155.60023498535156,510300,0.0,0.0,152.7689666748047,64.51722955877312,150.01566210061432,147.89508596533548,2.1205761352788386,1.1946175091776323
155.8499995525865,156.77909800197378,153.21253863146126,153.3224334716797,469800,0.0,0.0,153.80796508789064,60.3063541244947,150.5243961577013,148.2971117065462,2.2272844511551,1.401150897573126
154.87094563899376,157.9979256386896,154.69111079006402,157.61830139160156,404000,0.0,0.0,154.54525451660157,71.03009912014232,151.61576619368594,148.98757020173548,2.628195991950463,1.6465599164485933
157.91800911161323,160.20580036782107,156.8490306935324,158.19773864746094,330700,0.0,0.0,155.23658752441406,70.3535338022545,152.62837734042057,149.66980490141887,2.958572439001699,1.9089624209592144
157.61830141753572,158.73721960975536,150.47516731310986,152.05364990234375,716900,0.0,0.0,155.3584716796875,63.12573539119144,152.53995773456262,149.8463860125985,2.6935717219641333,2.0658842811601983
152.31340744138467,152.7030318236589,146.26922182375284,149.3562469482422,813200,0.0,0.0,154.10967407226562,56.098263248131715,152.0501560751287,149.81007941523876,2.240076659889951,2.100722756906149
148.1873730289959,151.0646086025568,148.1873730289959,150.46517944335938,286400,0.0,0.0,153.53822326660156,57.37660618130699,151.80631351639497,149.8586053432477,1.9477081731472765,2.0701198401543746
149.0165852503851,150.03559353731572,147.83771190189447,149.85577392578125,474100,0.0,0.0,151.9857177734375,55.953708069513674,151.5062305024544,149.85839560862053,1.647834893833874,1.9856628508902745
151.65403901782648,153.63213087080857,151.57411411292296,153.54222106933594,281000,0.0,0.0,151.0546142578125,61.29278982039036,151.81945982043618,150.13127156867353,1.6881882517626536,1.9261679310647504
153.1625811036133,153.1625811036133,151.11454924869457,152.2734375,331000,0.0,0.0,151.09857177734375,55.477204921305166,151.8893025403691,150.28995052654955,1.599352013819555,1.8608047476157115
152.30341141047052,153.22252497181304,151.34434301781624,152.29342651367188,262900,0.0,0.0,151.68600769042968,55.66729160992912,151.95147545933875,150.43835615522528,1.5131193041134736,1.791267658915264
152.0136998796034,155.26057496318842,152.0136998796034,153.88189697265625,446200,0.0,0.0,152.36935119628907,49.92323405500512,152.24846338446451,150.69343325281275,1.5550301316517618,1.744020153462564
153.19255194774328,154.69110961964557,152.81292770352755,154.08169555664062,309700,0.0,0.0,153.21453552246095,48.96743969105149,152.53049910326084,150.94441564568888,1.5860834575719593,1.7124328142844432
153.901878894088,156.19967041706985,153.901878894088,154.9408721923828,363800,0.0,0.0,153.4942657470703,55.928200161220055,152.90132573235653,151.2404494639625,1.66087626839402,1.7021215051063587
154.1815999279159,155.42041304647424,151.8038836296294,152.1735382080078,533700,0.0,0.0,153.4742858886719,43.90331173435757,152.78935842091826,151.3095671487066,1.4797912722116564,1.6576554585274184
151.75393425456167,152.87286768306595,150.84482085180542,151.4342498779297,421500,0.0,0.0,153.30245056152344,46.446029297052256,152.5808801835354,151.3188029064268,1.2620772771086024,1.578539822243655
152.85288647240603,153.6621051970247,151.99371277528007,153.3723907470703,331700,0.0,0.0,153.20054931640624,41.22988382574492,152.70265103946386,151.47092052425228,1.2317305152115807,1.5091779608372404
153.97179939144397,154.85095809617187,152.0736324543634,152.4632568359375,393800,0.0,0.0,152.87686157226562,38.31433374149651,152.66582116199828,151.54442691771044,1.121394244287842,1.4316212175273608
153.65211778841982,154.20159198878275,152.07363519652134,153.781982421875,262400,0.0,0.0,152.64508361816405,54.38417627742142,152.8375382789024,151.71017176987078,1.1273665090316172,1.3707702758282123
153.68208344386608,154.4713170957833,150.864787755416,152.03366088867188,301500,0.0,0.0,152.6171081542969,57.13522389297836,152.71386483425155,151.734133926819,0.979730907432554,1.2925624021490807
151.84386145947084,154.25153256945813,151.53414673092277,154.13165283203125,300500,0.0,0.0,153.15658874511718,59.28173782178952,152.9319860646792,151.91172791979767,1.0202581448815238,1.2381015506955695
152.85288790430616,153.3324221078099,147.597950971426,147.96759033203125,521900,0.0,0.0,152.07562866210938,46.269247096052176,152.16823287504104,151.6195695799631,0.5486632950779438,1.1002138995720443
149.06653162096356,152.9527905240581,147.89764323697753,152.38333129882812,468800,0.0,0.0,152.0596435546875,47.77435827706395,152.20132494023903,151.67614452210125,0.5251804181377793,0.9852072032851914
153.76200807273776,154.67113670057321,152.69302963787518,154.411376953125,626900,0.0,0.0,152.1855224609375,53.98955344746484,152.5413329422215,151.8787543318067,0.6625786104147835,0.9206814847111099
156.1596987077477,157.43846671263083,154.7410659287092,156.429443359375,513600,0.0,0.0,153.06467895507814,57.18250578187237,153.13950377562972,152.21584240792285,0.9236613677068704,0.9212774613102621
155.85998578863268,156.70917458344667,155.1007220414008,156.39947509765625,557800,0.0,0.0,153.51824340820312,54.622158075385734,153.64103782517225,152.52574112568087,1.115296699491381,0.9600813089464859
156.68919393656213,158.69727106825172,155.98987003871002,156.9589385986328,867300,0.0,0.0,155.31651306152344,55.213632203675694,154.15148409801233,152.8541261236773,1.2973579743350285,1.0275366420241945
150.82483122486596,153.72203654018537,145.1802702593202,145.3101348876953,1159000,0.0,0.0,153.90187377929686,37.454451924368925,152.79127652719433,152.295311958049,0.4959645691453147,0.9212222274484185
